4834
677 1088
676 1089
674 1089
673 1090
672 1090
671 1091
670 1091
669 1092
668 1092
663 1097
663 1098
662 1099
662 1100
661 1101
661 1103
660 1104
660 1111
661 1112
661 1114
662 1115
662 1116
665 1119
665 1120
666 1121
667 1121
669 1123
670 1123
671 1124
672 1124
673 1125
674 1125
675 1126
678 1126
679 1127
688 1127
689 1126
692 1126
693 1125
694 1125
695 1124
696 1124
697 1123
698 1123
700 1121
701 1121
702 1120
702 1119
705 1116
705 1115
706 1114
706 1112
707 1111
707 1104
706 1103
706 1101
705 1100
705 1099
704 1098
704 1097
699 1092
698 1092
697 1091
696 1091
695 1090
694 1090
693 1089
691 1089
690 1088
677 1088
826 1078
825 1079
822 1079
821 1080
820 1080
818 1082
817 1082
813 1086
813 1087
811 1089
811 1090
810 1091
810 1093
809 1094
809 1102
810 1103
810 1105
811 1106
811 1107
813 1109
813 1110
817 1114
818 1114
820 1116
821 1116
822 1117
824 1117
825 1118
838 1118
839 1117
841 1117
842 1116
843 1116
844 1115
845 1115
848 1112
849 1112
850 1111
850 1110
852 1108
852 1107
853 1106
853 1105
854 1104
854 1092
853 1091
853 1090
852 1089
852 1088
845 1081
844 1081
843 1080
842 1080
841 1079
839 1079
838 1078
826 1078
359 1067
358 1068
357 1068
356 1069
355 1069
354 1070
353 1070
346 1077
346 1078
345 1079
345 1080
344 1081
344 1082
343 1083
343 1086
342 1087
342 1096
343 1097
343 1100
344 1101
344 1102
345 1103
345 1104
346 1105
346 1106
353 1113
354 1113
355 1114
356 1114
357 1115
358 1115
359 1116
372 1116
373 1115
374 1115
375 1114
376 1114
377 1113
378 1113
385 1106
385 1105
386 1104
386 1103
387 1102
387 1101
388 1100
388 1097
389 1096
389 1087
388 1086
388 1083
387 1082
387 1081
386 1080
386 1079
385 1078
385 1077
378 1070
377 1070
376 1069
375 1069
374 1068
373 1068
372 1067
359 1067
1031 1010
1030 1011
1028 1011
1026 1013
1025 1013
1019 1019
1019 1020
1018 1021
1018 1022
1017 1023
1017 1024
1016 1025
1016 1038
1017 1039
1017 1040
1018 1041
1018 1042
1019 1043
1019 1044
1025 1050
1026 1050
1028 1052
1030 1052
1031 1053
1042 1053
1043 1052
1045 1052
1046 1051
1047 1051
1048 1050
1049 1050
1054 1045
1054 1044
1055 1043
1055 1042
1056 1041
1056 1040
1057 1039
1057 1037
1058 1036
1058 1027
1057 1026
1057 1024
1056 1023
1056 1022
1055 1021
1055 1020
1054 1019
1054 1018
1049 1013
1048 1013
1047 1012
1046 1012
1045 1011
1043 1011
1042 1010
1031 1010
425 999
424 1000
422 1000
421 1001
420 1001
419 1002
418 1002
417 1003
416 1003
413 1006
412 1006
412 1007
409 1010
409 1011
408 1012
408 1013
407 1014
407 1015
406 1016
406 1019
405 1020
405 1029
406 1030
406 1032
407 1033
407 1034
408 1035
408 1036
409 1037
409 1038
412 1041
412 1042
413 1042
416 1045
417 1045
418 1046
419 1046
420 1047
421 1047
422 1048
424 1048
425 1049
435 1049
436 1048
438 1048
439 1047
440 1047
441 1046
442 1046
443 1045
444 1045
447 1042
448 1042
448 1041
451 1038
451 1037
452 1036
452 1035
453 1034
453 1033
454 1032
454 1030
455 1029
455 1019
454 1018
454 1016
453 1015
453 1014
452 1013
452 1012
451 1011
451 1010
448 1007
448 1006
447 1006
444 1003
443 1003
442 1002
441 1002
440 1001
439 1001
438 1000
436 1000
435 999
425 999
866 976
866 977
866 976
693 957
692 958
690 958
689 959
687 959
686 960
685 960
684 961
683 961
680 964
679 964
678 965
678 966
675 969
675 970
674 971
674 973
673 974
673 976
672 977
672 986
673 987
673 989
674 990
674 991
675 992
675 993
676 994
676 995
681 1000
682 1000
684 1002
685 1002
686 1003
687 1003
688 1004
690 1004
691 1005
705 1005
706 1004
708 1004
709 1003
710 1003
712 1001
713 1001
716 998
717 998
717 997
720 994
720 993
721 992
721 991
722 990
722 988
723 987
723 975
722 974
722 972
721 971
721 970
719 968
719 967
714 962
713 962
711 960
710 960
709 959
707 959
706 958
703 958
702 957
693 957
589 940
589 941
588 942
588 943
587 944
587 945
586 946
586 947
585 948
585 950
584 951
584 954
583 955
583 957
582 958
582 961
581 962
581 964
580 965
580 967
579 968
579 970
578 971
578 973
577 974
577 976
576 977
576 978
575 979
575 980
574 981
574 982
572 984
572 985
571 986
571 987
569 989
569 990
567 992
567 993
566 994
566 995
565 996
565 997
564 998
564 999
562 1001
562 1003
563 1004
565 1004
566 1005
565 1006
564 1006
563 1007
562 1007
559 1010
558 1010
557 1011
557 1012
554 1015
554 1016
553 1017
553 1018
552 1019
552 1021
551 1022
551 1035
552 1036
552 1038
553 1039
553 1040
554 1041
554 1042
557 1045
557 1046
558 1047
559 1047
562 1050
563 1050
564 1051
565 1051
566 1052
568 1052
569 1053
582 1053
583 1052
585 1052
586 1051
587 1051
588 1050
589 1050
592 1047
593 1047
594 1046
594 1045
597 1042
597 1041
598 1040
598 1039
599 1038
599 1036
600 1035
600 1022
599 1021
599 1019
598 1018
598 1017
597 1016
597 1015
594 1012
594 1011
593 1010
592 1010
589 1007
588 1007
587 1006
586 1006
585 1005
583 1005
581 1003
582 1002
585 1002
586 1001
588 1001
589 1000
591 1000
592 999
593 999
594 998
595 998
596 997
597 997
598 996
599 996
601 994
602 994
604 992
605 992
607 990
608 990
608 989
609 988
610 988
611 987
612 987
620 979
620 978
621 977
622 978
628 978
629 979
631 979
632 980
633 980
634 981
635 981
636 982
637 982
638 983
639 983
640 984
641 984
642 985
644 985
645 986
647 986
648 987
651 987
652 988
655 988
656 989
660 989
661 990
662 990
664 988
664 981
660 977
660 976
659 975
659 973
658 972
658 971
657 970
657 968
656 967
656 966
655 965
655 964
654 963
654 962
653 961
653 960
652 959
652 958
651 957
651 956
650 955
650 954
649 953
649 951
648 951
648 953
647 954
647 957
646 958
646 962
647 963
647 966
648 967
648 969
649 970
649 971
650 972
650 976
648 978
644 978
642 976
641 976
640 975
639 975
637 973
636 973
634 971
633 971
632 970
631 970
629 968
628 968
627 967
626 967
625 966
624 966
623 965
622 965
619 962
618 962
617 961
616 961
615 962
615 963
614 964
614 965
613 966
613 967
611 969
611 970
607 974
607 975
606 976
606 977
598 985
597 985
595 987
594 987
592 989
591 989
590 990
589 990
588 991
587 991
586 992
585 992
584 993
583 993
582 994
580 994
578 992
578 991
579 990
579 989
581 987
581 985
582 984
582 983
583 982
583 981
584 980
584 979
585 978
585 977
586 976
586 974
587 973
587 971
588 970
588 968
589 967
589 957
590 956
590 944
589 943
589 940
475 869
475 870
474 871
474 872
473 873
473 874
472 875
472 877
471 878
466 878
465 879
462 879
462 881
469 888
468 889
468 891
467 892
467 896
473 896
473 895
474 894
475 894
476 893
477 893
478 894
479 894
480 895
480 896
486 896
494 904
493 905
493 907
492 908
492 912
498 912
498 911
499 910
500 910
501 909
502 909
503 910
504 910
505 911
505 912
512 912
512 910
511 909
511 907
510 906
510 904
516 898
516 895
514 895
513 894
508 894
507 893
507 892
506 891
506 890
505 889
505 888
504 887
504 886
503 885
500 885
500 886
499 887
499 888
498 889
498 890
497 891
497 893
496 894
491 894
490 895
488 895
486 893
486 891
485 890
485 888
491 882
491 879
489 879
488 878
483 878
482 877
482 876
481 875
481 874
480 873
480 872
479 871
479 870
478 869
475 869
437 833
437 834
436 835
436 836
435 837
435 838
434 839
434 841
433 842
428 842
427 843
424 843
424 844
423 845
422 845
421 844
416 844
415 843
415 842
414 841
414 840
413 839
413 838
412 837
412 836
411 835
408 835
408 836
407 837
407 838
406 839
406 840
405 841
405 843
404 844
399 844
398 845
396 845
395 844
390 844
389 843
389 842
388 841
388 840
387 839
387 838
386 837
386 836
385 835
382 835
382 836
381 837
381 838
380 839
380 840
379 841
379 843
378 844
373 844
372 845
369 845
369 847
376 854
375 855
375 857
374 858
374 862
380 862
380 861
381 860
382 860
383 859
384 859
385 860
386 860
387 861
387 862
394 862
394 860
393 859
393 857
392 856
392 854
397 849
402 854
401 855
401 857
400 858
400 862
406 862
406 861
407 860
408 860
409 859
410 859
411 860
412 860
413 861
413 862
420 862
420 860
419 859
419 857
418 856
418 854
424 848
424 847
425 846
431 852
430 853
430 855
429 856
429 860
435 860
435 859
436 858
437 858
438 857
439 857
440 858
441 858
442 859
442 860
444 860
451 867
450 868
450 870
449 871
449 875
455 875
455 874
456 873
457 873
458 872
459 872
460 873
461 873
462 874
462 875
469 875
469 873
468 872
468 870
467 869
467 867
473 861
473 858
471 858
470 857
465 857
464 856
464 855
463 854
463 853
462 852
462 851
461 850
461 849
460 848
457 848
457 849
456 850
456 851
455 852
455 853
454 854
454 856
453 857
449 857
448 856
448 855
447 854
447 852
453 846
453 843
451 843
450 842
445 842
444 841
444 840
443 839
443 838
442 837
442 836
441 835
441 834
440 833
437 833
365 815
365 816
364 817
364 818
363 819
363 820
362 821
362 823
361 824
356 824
355 825
352 825
352 827
359 834
358 835
358 837
357 838
357 842
363 842
363 841
364 840
365 840
366 839
367 839
368 840
369 840
370 841
370 842
377 842
377 840
376 839
376 837
375 836
375 834
381 828
381 825
379 825
378 824
373 824
372 823
372 822
371 821
371 820
370 819
370 818
369 817
369 816
368 815
365 815
498 810
497 811
495 811
494 812
492 812
491 813
490 813
489 814
488 814
486 816
485 816
481 820
481 821
479 823
479 824
478 825
478 826
477 827
477 829
476 830
476 843
477 844
477 846
478 847
478 848
479 849
479 850
481 852
481 853
485 857
486 857
488 859
489 859
490 860
491 860
492 861
493 861
494 862
497 862
498 863
508 863
509 862
511 862
512 861
514 861
515 860
516 860
517 859
518 859
526 851
526 850
527 849
527 848
528 847
528 846
529 845
529 842
530 841
530 832
529 831
529 828
528 827
528 826
527 825
527 824
526 823
526 822
518 814
517 814
516 813
515 813
514 812
512 812
511 811
508 811
507 810
498 810
747 806
746 807
744 807
743 808
742 808
741 809
740 809
733 816
733 817
732 818
732 819
731 820
731 821
730 822
730 825
729 826
729 835
730 836
730 839
731 840
731 841
732 842
732 843
733 844
733 845
740 852
741 852
742 853
743 853
744 854
746 854
747 855
760 855
761 854
762 854
763 853
764 853
765 852
766 852
768 850
769 850
772 847
772 846
774 844
774 843
775 842
775 841
776 840
776 838
777 837
777 824
776 823
776 821
775 820
775 819
774 818
774 817
772 815
772 814
769 811
768 811
766 809
765 809
764 808
763 808
762 807
761 807
760 806
747 806
574 724
574 727
573 728
573 729
572 730
572 731
571 732
571 733
570 734
570 736
569 737
569 738
568 739
568 740
566 742
566 743
564 745
564 746
561 749
561 750
559 752
559 753
551 761
551 767
552 768
561 768
562 767
564 767
565 768
566 767
571 767
572 766
576 766
577 765
578 765
579 764
580 764
581 763
584 763
585 762
586 762
587 761
588 761
590 759
591 759
597 753
598 753
599 754
599 755
605 761
605 762
607 764
607 765
608 766
609 766
610 767
610 768
616 774
617 774
619 776
620 776
622 778
623 778
626 781
634 781
635 782
638 782
639 783
637 785
636 785
630 791
630 792
629 793
629 794
628 795
628 796
627 797
627 799
626 800
626 814
627 815
627 817
628 818
628 819
629 820
629 821
630 822
630 823
636 829
637 829
639 831
640 831
641 832
643 832
644 833
657 833
658 832
660 832
661 831
662 831
664 829
665 829
671 823
671 822
672 821
672 820
673 819
673 818
674 817
674 815
675 814
675 800
674 799
674 797
673 796
673 795
672 794
672 793
671 792
671 791
665 785
664 785
662 783
661 783
660 782
658 782
657 781
655 781
654 780
654 778
653 777
653 776
650 773
649 773
648 772
648 771
641 764
641 763
639 761
639 760
638 759
638 758
637 757
637 755
636 754
636 752
635 751
635 748
634 747
634 743
633 742
633 733
632 732
632 726
631 725
629 727
630 728
630 738
631 739
631 745
632 746
632 753
633 754
633 756
634 757
634 758
635 759
635 761
636 762
636 764
638 766
638 767
639 768
639 770
638 771
638 772
636 774
631 774
630 773
628 773
627 772
626 772
623 769
622 769
608 755
607 755
605 753
605 752
603 750
603 749
601 747
601 746
599 744
599 743
598 742
596 742
590 748
589 748
586 751
585 751
580 756
579 756
578 757
577 757
576 758
575 758
574 759
573 759
572 760
570 760
569 761
562 761
561 760
561 758
570 749
570 748
571 747
571 745
572 744
572 742
573 741
573 738
574 737
574 736
573 735
574 734
574 724
674 608
673 609
672 609
671 610
669 610
667 612
666 612
663 615
662 615
662 616
659 619
659 620
658 621
658 622
657 623
657 625
656 626
656 638
657 639
657 641
658 642
658 643
660 645
660 646
665 651
666 651
668 653
669 653
670 654
672 654
673 655
676 655
677 656
686 656
687 655
689 655
690 654
692 654
693 653
694 653
695 652
696 652
699 649
700 649
701 648
701 647
704 644
704 643
705 642
705 640
706 639
706 637
707 636
707 627
706 626
706 624
705 623
705 622
704 621
704 620
703 619
703 618
698 613
697 613
695 611
694 611
693 610
692 610
691 609
689 609
688 608
674 608
482 590
481 591
479 591
478 592
477 592
475 594
474 594
469 599
469 600
467 602
467 604
466 605
466 607
465 608
465 616
466 617
466 620
467 621
467 622
468 623
468 624
471 627
471 628
472 629
473 629
476 632
477 632
478 633
480 633
481 634
483 634
484 635
493 635
494 634
496 634
497 633
499 633
500 632
501 632
504 629
505 629
506 628
506 627
509 624
509 623
510 622
510 621
511 620
511 617
512 616
512 608
511 607
511 605
510 604
510 602
508 600
508 599
503 594
502 594
500 592
499 592
498 591
496 591
495 590
482 590
579 536
578 537
576 537
575 538
574 538
573 539
572 539
570 541
569 541
565 545
565 546
564 547
564 548
563 549
563 550
562 551
562 553
561 554
561 562
562 563
562 566
563 567
563 568
564 569
564 570
571 577
572 577
573 578
574 578
575 579
576 579
577 580
580 580
581 581
590 581
591 580
593 580
594 579
596 579
597 578
598 578
600 576
601 576
605 572
605 571
607 569
607 568
608 567
608 565
609 564
609 552
608 551
608 550
607 549
607 548
606 547
606 546
599 539
598 539
597 538
596 538
595 537
593 537
592 536
579 536
651 400
650 401
648 401
647 402
646 402
645 403
644 403
642 405
641 405
637 409
637 410
636 411
636 412
634 414
634 416
633 417
633 420
632 421
632 430
633 431
633 434
634 435
634 437
636 439
636 440
637 441
637 442
641 446
642 446
644 448
645 448
646 449
647 449
648 450
650 450
651 451
660 451
661 450
663 450
664 449
665 449
666 448
667 448
669 446
670 446
674 442
674 441
675 440
675 439
677 437
677 435
678 434
678 431
679 430
679 421
678 420
678 417
677 416
677 414
675 412
675 411
674 410
674 409
670 405
669 405
667 403
666 403
665 402
664 402
663 401
661 401
660 400
651 400
540 383
539 384
537 384
536 385
535 385
534 386
533 386
532 387
531 387
525 393
525 394
523 396
523 398
522 399
522 401
521 402
521 410
522 411
522 413
523 414
523 416
525 418
525 419
531 425
532 425
533 426
534 426
535 427
536 427
537 428
539 428
540 429
553 429
554 428
557 428
558 427
559 427
560 426
561 426
564 423
565 423
567 421
567 420
570 417
570 416
571 415
571 413
572 412
572 400
571 399
571 397
570 396
570 395
567 392
567 391
565 389
564 389
561 386
560 386
559 385
558 385
557 384
554 384
553 383
540 383
618 306
617 307
615 307
614 308
613 308
612 309
611 309
605 315
605 316
603 318
603 319
602 320
602 322
601 323
601 336
602 337
602 339
603 340
603 341
604 342
604 343
606 345
606 346
609 349
610 349
612 351
613 351
614 352
616 352
617 353
619 353
620 354
628 354
629 353
631 353
632 352
634 352
635 351
636 351
638 349
639 349
642 346
642 345
644 343
644 342
645 341
645 340
646 339
646 337
647 336
647 323
646 322
646 320
645 319
645 318
643 316
643 315
637 309
636 309
635 308
634 308
633 307
631 307
630 306
618 306
600 15
600 16
598 18
598 19
597 20
597 21
595 23
595 24
594 25
594 26
592 28
592 29
591 30
591 31
589 33
589 34
588 35
588 36
586 38
586 39
585 40
583 40
582 41
578 41
577 42
572 42
571 43
566 43
565 44
561 44
560 45
555 45
555 46
576 67
576 70
575 71
575 77
574 78
574 85
573 86
573 92
572 93
572 96
573 95
574 95
575 94
577 94
578 93
579 93
580 92
581 92
582 91
584 91
585 90
586 90
587 89
588 89
589 88
591 88
592 89
591 90
591 91
590 92
590 94
589 95
589 98
588 99
588 101
587 102
587 103
586 104
586 106
585 107
585 109
584 110
584 112
583 113
583 116
582 117
582 120
581 121
581 122
580 123
580 124
579 125
579 127
578 128
578 129
577 130
577 132
576 133
576 135
575 136
575 137
574 138
574 139
573 140
573 141
571 143
571 145
570 146
570 148
569 149
569 150
568 151
568 152
566 154
566 155
564 157
564 159
563 160
563 161
562 162
562 163
561 164
561 166
560 167
560 168
559 169
559 170
557 172
557 173
556 174
556 175
555 176
555 177
554 178
554 179
553 180
553 181
552 182
552 183
551 184
551 185
550 186
550 187
549 188
549 189
548 190
548 191
546 193
546 194
544 196
544 197
541 200
541 201
540 202
539 201
539 200
538 199
538 198
537 197
534 197
534 198
533 199
533 200
532 201
532 202
531 203
531 205
530 206
525 206
524 207
521 207
521 209
528 216
527 217
527 219
524 222
524 223
520 227
520 228
512 236
512 237
508 241
507 241
502 246
502 248
500 250
498 250
495 253
494 253
493 254
493 255
491 257
489 257
486 260
485 260
484 261
484 269
486 271
490 271
491 272
492 272
493 273
492 274
491 274
487 278
486 278
486 279
483 282
483 283
482 284
482 286
481 287
481 289
480 290
480 300
481 301
481 303
482 304
482 306
483 307
483 308
486 311
486 312
487 312
491 316
492 316
493 317
495 317
496 318
507 318
508 317
509 317
510 316
511 316
512 315
513 315
518 310
518 309
520 307
520 306
521 305
521 303
522 302
522 288
521 287
521 286
520 285
520 283
518 281
518 280
515 277
516 276
519 276
521 274
522 274
523 273
524 273
525 272
526 272
527 271
531 271
532 270
533 270
534 269
535 269
537 267
539 267
540 266
541 266
542 267
541 268
541 272
534 279
534 280
531 283
531 291
533 293
541 293
542 292
543 293
543 294
542 295
542 296
541 297
541 301
540 302
540 304
539 305
539 307
536 310
536 311
535 312
535 313
534 314
534 315
533 316
533 317
532 318
532 320
531 321
531 323
530 324
530 325
525 330
525 331
524 332
524 334
522 336
522 337
521 338
521 339
520 340
520 341
518 343
518 344
516 346
516 347
514 349
514 350
513 351
513 353
512 354
512 355
508 359
508 360
507 361
507 362
506 363
506 364
505 365
505 367
504 368
504 369
501 372
501 373
500 374
500 375
499 376
499 377
498 378
498 379
497 380
497 381
496 382
496 383
494 385
494 386
493 387
493 388
492 389
492 390
487 395
487 396
485 398
485 399
474 410
474 411
470 415
468 413
468 412
467 411
467 410
466 409
466 408
465 407
462 407
462 408
461 409
461 410
460 411
460 412
459 413
459 415
458 416
453 416
452 417
449 417
449 419
456 426
455 427
455 429
454 430
454 432
451 435
450 435
447 438
446 438
444 440
443 440
440 443
439 443
436 446
435 446
434 447
433 447
427 453
426 453
420 459
419 459
416 462
416 463
409 470
409 474
408 475
402 475
401 476
399 476
398 477
397 477
395 479
394 479
390 483
390 484
388 486
388 487
387 488
387 490
386 491
386 493
385 494
385 503
386 504
386 507
387 508
387 509
388 510
388 511
389 512
389 513
396 520
397 520
398 521
400 521
401 522
403 522
404 523
412 523
413 522
415 522
416 521
417 521
418 520
419 520
420 519
421 519
426 514
426 513
427 512
427 511
428 510
428 509
429 508
429 506
430 505
430 492
429 491
429 489
428 488
428 487
427 486
427 485
425 483
426 482
429 482
430 483
434 483
435 484
443 484
444 485
452 485
453 484
456 484
457 483
460 483
461 482
463 482
464 481
469 481
471 483
471 485
469 487
469 488
467 490
466 490
459 497
458 497
456 499
455 499
452 502
451 502
450 503
449 503
448 504
447 504
446 505
444 505
443 506
443 511
446 514
447 514
449 516
450 516
451 517
452 517
453 518
454 518
455 519
457 519
459 521
459 524
458 525
458 526
456 528
456 529
455 530
455 531
452 534
452 535
451 536
451 537
449 539
449 540
447 542
447 543
446 544
446 545
445 546
445 547
444 548
444 549
442 551
442 552
440 554
440 555
437 558
437 559
435 561
435 562
428 569
428 571
423 576
423 577
418 582
418 583
414 587
414 588
405 597
405 598
401 602
400 602
395 607
394 607
385 616
384 616
383 617
382 617
380 619
379 619
378 620
374 620
373 619
373 618
372 617
372 616
371 615
371 614
370 613
370 612
369 611
366 611
366 612
365 613
365 614
364 615
364 616
363 617
363 619
362 620
357 620
356 621
353 621
353 623
360 630
356 634
355 634
354 635
353 635
350 638
349 638
348 639
347 639
345 641
344 641
343 642
341 642
340 643
339 643
336 646
335 646
334 647
332 647
331 648
329 648
328 649
327 649
326 650
325 650
323 652
322 652
321 653
320 653
319 654
318 654
317 655
316 655
315 656
314 656
313 657
311 657
310 658
309 658
309 664
310 665
309 666
302 666
301 667
299 667
298 668
297 668
295 670
294 670
288 676
288 677
287 678
287 679
286 680
286 681
285 682
285 684
284 685
284 700
285 701
285 703
286 704
286 705
287 706
287 707
288 708
288 709
294 715
295 715
297 717
298 717
299 718
301 718
302 719
310 719
311 718
313 718
314 717
315 717
316 716
317 716
318 715
319 715
323 711
323 710
325 708
325 707
326 706
326 705
327 704
327 702
328 701
328 699
329 698
329 687
328 686
328 684
327 683
327 681
326 680
326 679
327 678
328 678
331 681
333 681
334 682
338 682
339 683
344 683
345 684
351 684
352 685
356 685
357 686
358 686
359 687
368 687
369 686
374 686
375 685
378 685
379 684
381 684
382 683
386 683
387 682
388 682
389 681
390 681
391 680
393 680
395 682
395 684
386 693
385 693
382 696
381 696
375 702
374 702
373 703
369 703
368 704
367 704
366 705
364 705
363 706
362 706
361 707
360 707
359 708
358 708
357 709
356 709
355 710
354 710
353 711
352 711
351 712
350 712
349 713
346 713
345 714
344 714
343 715
341 715
340 716
336 716
335 717
327 717
327 718
329 718
331 720
332 720
337 725
338 725
340 727
340 728
341 729
342 729
345 732
346 732
347 733
348 733
349 734
350 734
351 735
353 735
354 736
355 736
356 737
357 737
358 738
359 738
360 739
361 739
362 740
364 740
365 741
366 741
367 742
372 742
373 743
379 743
380 742
381 743
382 743
383 744
383 745
382 746
382 747
381 748
381 749
380 750
380 751
379 752
379 753
378 754
378 755
375 758
375 759
369 765
369 766
365 770
365 772
364 773
364 774
362 776
362 777
360 779
360 780
355 785
354 785
348 791
347 791
343 795
341 795
341 796
340 797
339 797
337 799
336 799
334 801
333 801
330 804
328 804
327 803
327 801
333 795
333 792
331 792
330 791
325 791
324 790
324 789
323 788
323 787
322 786
322 785
321 784
321 783
320 782
317 782
317 783
316 784
316 785
315 786
315 787
314 788
314 790
313 791
308 791
307 792
304 792
304 794
311 801
310 802
310 804
309 805
309 809
315 809
315 808
316 807
317 807
318 806
319 806
320 807
321 807
322 808
322 809
321 810
320 810
319 811
318 811
317 812
316 812
315 813
314 813
313 814
312 814
311 815
310 815
309 816
308 816
307 817
306 817
305 818
303 818
302 819
301 819
300 820
299 820
298 821
297 821
296 822
295 822
294 823
293 823
292 824
290 824
289 825
288 825
287 824
286 824
285 825
284 825
283 826
281 826
280 827
279 827
278 828
276 828
275 829
272 829
270 831
269 831
267 833
266 833
265 834
262 834
261 835
258 835
257 836
255 836
254 837
252 837
251 838
250 838
249 839
246 839
245 840
244 840
244 842
245 843
245 846
246 847
246 850
247 851
247 852
249 854
249 855
250 856
251 856
253 858
253 859
256 862
257 862
258 863
260 863
261 864
264 864
265 865
270 865
271 866
280 866
281 867
306 867
307 866
317 866
319 868
319 872
318 873
318 874
316 876
316 877
309 884
307 884
306 885
305 885
302 888
301 888
298 891
297 891
296 892
295 892
293 894
292 894
290 896
289 896
287 898
286 898
285 899
284 899
282 901
281 901
278 904
277 904
274 907
273 907
270 910
269 910
266 913
265 913
263 915
262 915
261 916
260 916
258 918
257 918
256 919
255 919
254 920
253 920
251 922
250 922
248 924
247 924
246 923
233 923
232 924
230 924
229 925
228 925
227 926
226 926
224 928
223 928
219 932
219 933
217 935
217 936
216 937
216 939
215 940
215 942
214 943
214 952
215 953
215 955
216 956
216 958
217 959
217 960
219 962
219 963
223 967
224 967
226 969
227 969
228 970
229 970
230 971
232 971
233 972
247 972
248 971
249 971
250 970
252 970
254 968
255 968
261 962
261 961
263 959
263 958
264 957
264 955
265 954
265 941
264 940
264 938
263 937
263 936
264 935
265 936
266 936
267 937
268 937
269 938
271 938
272 939
274 939
275 940
277 940
278 941
284 941
285 942
297 942
298 943
309 943
310 942
311 942
312 943
319 943
320 942
323 942
324 941
325 941
326 942
326 943
323 946
323 947
322 948
322 949
321 950
321 951
320 952
320 953
319 954
319 955
316 958
316 959
315 960
315 961
314 962
313 962
309 966
309 967
308 968
308 970
307 971
307 972
304 975
304 976
301 979
301 980
291 990
291 991
290 992
290 993
288 995
287 995
286 994
281 994
280 993
280 992
279 991
279 990
278 989
278 988
277 987
277 986
276 985
273 985
273 986
272 987
272 988
271 989
271 990
270 991
270 993
269 994
264 994
263 995
260 995
260 997
267 1004
266 1005
266 1007
265 1008
265 1012
267 1012
268 1013
264 1017
263 1017
261 1019
260 1019
258 1021
257 1021
256 1022
255 1022
252 1025
251 1025
249 1027
248 1027
246 1029
244 1029
243 1030
242 1030
241 1031
240 1031
239 1032
237 1032
236 1033
235 1033
234 1034
233 1034
232 1035
230 1035
229 1036
228 1036
227 1037
225 1037
224 1038
223 1038
221 1040
219 1040
218 1041
217 1041
215 1043
214 1043
213 1044
212 1044
211 1045
206 1045
205 1046
203 1046
202 1047
201 1047
200 1048
198 1048
197 1049
196 1048
190 1048
189 1049
186 1049
185 1050
180 1050
179 1051
177 1051
176 1052
162 1052
161 1053
159 1053
158 1054
157 1054
156 1055
155 1055
153 1057
152 1057
148 1061
148 1062
147 1063
147 1064
146 1065
146 1066
145 1067
145 1069
144 1070
144 1078
145 1079
145 1082
146 1083
146 1084
147 1085
147 1086
154 1093
155 1093
156 1094
157 1094
158 1095
159 1095
160 1096
163 1096
164 1097
173 1097
174 1096
176 1096
177 1095
179 1095
180 1094
181 1094
183 1092
184 1092
188 1088
188 1087
190 1085
190 1084
191 1083
191 1081
192 1080
192 1070
193 1069
194 1069
196 1071
197 1071
199 1073
200 1073
201 1074
203 1074
204 1075
205 1075
206 1076
207 1076
208 1077
209 1077
210 1078
211 1078
212 1079
213 1079
214 1080
217 1080
218 1081
221 1081
222 1082
225 1082
226 1083
229 1083
230 1084
232 1084
233 1085
235 1085
236 1086
239 1086
240 1087
241 1087
242 1088
246 1088
247 1089
253 1089
254 1090
281 1090
282 1089
288 1089
289 1088
293 1088
294 1087
297 1087
298 1086
300 1086
302 1084
306 1084
308 1086
308 1088
307 1089
307 1090
303 1094
303 1095
299 1099
298 1099
289 1108
288 1108
283 1113
282 1113
277 1118
276 1118
272 1122
271 1122
270 1123
268 1123
267 1124
266 1124
264 1126
263 1126
260 1129
259 1129
258 1130
257 1130
250 1137
253 1140
262 1140
263 1141
270 1141
271 1142
285 1142
286 1143
291 1143
292 1144
294 1144
296 1146
301 1146
302 1147
307 1147
308 1148
349 1148
350 1147
354 1147
355 1146
358 1146
359 1145
362 1145
363 1144
365 1144
366 1143
368 1143
369 1142
370 1142
371 1141
372 1141
373 1140
374 1140
375 1139
376 1139
377 1138
378 1138
379 1137
382 1137
383 1136
384 1136
386 1134
387 1134
389 1132
390 1132
393 1129
394 1129
399 1124
400 1124
404 1120
407 1120
409 1122
409 1124
406 1127
406 1128
402 1132
402 1133
401 1134
401 1136
400 1137
400 1138
398 1140
398 1141
397 1142
397 1143
396 1144
396 1145
394 1147
394 1148
392 1150
392 1151
391 1152
391 1153
389 1155
389 1156
388 1157
388 1158
385 1161
385 1162
382 1165
382 1166
379 1169
378 1169
378 1170
377 1171
377 1173
381 1177
387 1177
388 1176
390 1176
390 1175
391 1174
395 1174
396 1173
401 1173
402 1172
425 1172
426 1171
433 1171
434 1170
439 1170
440 1169
442 1169
443 1168
445 1168
446 1167
448 1167
449 1166
450 1166
451 1165
453 1165
454 1164
456 1164
457 1163
459 1163
460 1162
462 1162
463 1161
464 1161
465 1160
467 1160
468 1159
469 1159
470 1158
472 1158
473 1157
474 1157
475 1156
477 1156
479 1154
480 1154
481 1153
482 1153
484 1151
485 1151
486 1150
487 1150
489 1148
490 1148
492 1146
493 1146
495 1144
496 1144
500 1140
500 1139
503 1136
504 1137
505 1137
507 1139
507 1140
508 1141
508 1154
507 1155
507 1158
506 1159
506 1161
505 1162
505 1164
504 1165
504 1168
503 1169
503 1170
502 1171
502 1172
501 1173
501 1174
500 1175
500 1177
499 1178
499 1179
500 1180
500 1181
501 1182
505 1182
506 1181
510 1181
511 1180
522 1180
523 1179
525 1179
526 1178
529 1178
530 1177
531 1177
532 1176
533 1176
534 1175
536 1175
537 1174
539 1174
540 1173
541 1173
544 1170
545 1170
549 1166
550 1166
551 1165
552 1165
554 1163
555 1163
557 1161
558 1161
560 1159
561 1159
565 1155
566 1155
567 1154
567 1153
569 1151
570 1151
574 1147
574 1145
575 1144
575 1142
577 1140
579 1140
581 1142
581 1144
582 1145
582 1147
583 1148
583 1150
584 1151
584 1152
585 1153
585 1154
586 1155
586 1156
587 1157
587 1158
589 1160
589 1161
590 1162
590 1163
591 1164
591 1165
592 1166
592 1167
594 1169
594 1170
596 1172
596 1173
600 1177
601 1177
603 1179
604 1179
607 1182
609 1182
610 1183
613 1183
614 1184
617 1184
618 1185
619 1185
620 1186
624 1186
625 1187
629 1187
630 1188
631 1188
632 1189
635 1189
636 1188
636 1187
637 1186
636 1185
636 1178
635 1177
635 1165
636 1164
636 1163
637 1162
637 1159
638 1158
638 1157
639 1156
639 1155
641 1153
641 1151
642 1150
642 1149
643 1148
643 1147
644 1146
645 1146
645 1144
646 1143
646 1142
647 1141
647 1140
651 1136
652 1137
652 1138
655 1138
656 1139
657 1139
659 1141
660 1141
662 1143
663 1143
665 1145
666 1145
667 1146
668 1146
669 1147
670 1147
671 1148
672 1148
673 1149
675 1149
677 1151
678 1151
679 1152
680 1152
681 1153
682 1153
683 1154
685 1154
686 1155
688 1155
689 1156
691 1156
692 1157
696 1157
697 1158
698 1158
699 1159
702 1159
703 1160
704 1160
705 1161
706 1161
707 1162
709 1162
710 1163
711 1163
712 1164
714 1164
715 1165
718 1165
719 1166
723 1166
724 1167
730 1167
731 1168
735 1168
736 1169
737 1169
738 1168
742 1168
743 1169
744 1168
751 1168
752 1167
752 1162
750 1160
749 1160
748 1159
747 1159
743 1155
743 1154
740 1151
740 1149
738 1147
738 1146
737 1145
737 1144
735 1142
735 1141
734 1140
734 1137
735 1136
736 1137
738 1135
739 1136
740 1136
745 1141
745 1142
746 1142
747 1143
748 1143
749 1144
750 1144
752 1146
753 1146
754 1147
755 1147
757 1149
759 1149
760 1150
761 1150
762 1151
763 1151
764 1152
765 1152
766 1153
768 1153
769 1154
770 1154
771 1155
773 1155
774 1156
776 1156
777 1157
779 1157
780 1158
785 1158
786 1159
787 1159
788 1160
790 1160
791 1161
792 1161
793 1162
797 1162
798 1163
801 1163
802 1164
804 1164
805 1165
814 1165
815 1164
819 1164
820 1163
821 1163
821 1158
820 1157
820 1156
819 1155
818 1155
814 1151
814 1150
813 1149
813 1148
810 1145
809 1145
808 1144
808 1142
809 1141
810 1141
811 1142
820 1142
821 1143
825 1143
826 1144
839 1144
841 1146
873 1146
874 1147
891 1147
892 1146
896 1146
897 1145
898 1145
899 1144
901 1144
903 1142
904 1142
905 1141
906 1141
908 1139
909 1139
912 1136
912 1135
913 1134
913 1133
911 1131
910 1131
908 1129
907 1129
905 1127
904 1127
902 1125
900 1125
898 1123
897 1123
889 1115
889 1114
886 1111
886 1110
884 1108
884 1106
883 1105
883 1102
882 1101
882 1099
881 1098
882 1097
882 1096
884 1094
886 1094
887 1095
888 1094
891 1094
892 1095
893 1095
894 1096
895 1096
897 1098
899 1098
900 1099
903 1099
904 1100
920 1100
921 1099
926 1099
927 1098
930 1098
931 1097
934 1097
935 1096
939 1096
940 1095
944 1095
945 1094
947 1094
948 1093
950 1093
951 1092
953 1092
954 1091
956 1091
957 1090
958 1090
959 1089
962 1089
963 1088
966 1088
967 1087
968 1087
970 1085
971 1085
972 1084
973 1084
974 1083
975 1083
976 1082
978 1082
979 1081
980 1081
982 1079
983 1079
986 1076
986 1074
985 1073
985 1072
984 1071
983 1071
982 1070
980 1070
979 1069
977 1069
976 1068
973 1068
972 1067
971 1067
970 1066
969 1066
968 1065
967 1065
965 1063
964 1063
963 1062
962 1062
960 1060
959 1060
957 1058
956 1058
955 1057
954 1057
950 1053
950 1051
953 1048
954 1048
955 1049
964 1049
965 1048
967 1048
968 1047
970 1047
971 1046
973 1046
974 1045
976 1045
977 1044
979 1044
980 1043
982 1043
983 1042
984 1042
985 1041
986 1041
987 1040
988 1040
990 1038
991 1038
992 1037
993 1037
995 1035
996 1035
1010 1021
1011 1021
1013 1019
1014 1019
1018 1015
1018 1014
1022 1010
1022 1009
1023 1008
1023 1007
1024 1006
1024 1005
1025 1004
1025 1001
1026 1000
1026 999
1024 997
977 997
976 996
971 996
970 995
967 995
966 994
962 994
961 993
956 993
955 992
953 992
952 991
950 991
949 990
948 990
947 989
944 989
943 988
941 988
939 986
939 984
945 978
945 975
943 975
942 974
937 974
936 973
936 972
935 971
935 970
934 969
934 968
933 967
933 966
932 965
929 965
929 966
928 967
928 968
927 969
927 970
926 971
926 973
925 974
920 974
919 975
916 975
916 976
915 977
914 977
913 976
912 976
911 975
911 974
910 973
910 972
909 971
906 971
904 969
903 969
902 968
901 968
899 966
898 966
897 965
896 965
892 961
891 961
889 959
888 959
882 953
882 952
881 951
881 949
880 949
879 948
878 948
877 947
877 946
878 945
881 945
882 944
884 944
885 943
892 943
893 942
895 942
896 941
898 941
899 940
900 940
902 938
903 938
905 936
906 936
907 935
908 935
909 934
910 934
911 933
911 932
915 928
915 925
914 924
914 923
913 922
912 922
911 921
910 921
909 920
908 920
906 918
905 918
903 916
902 916
900 914
898 914
896 912
895 912
894 911
892 911
891 910
890 910
889 909
888 909
886 907
885 907
884 906
882 906
881 905
880 905
878 903
878 901
880 899
883 899
884 898
886 898
887 899
891 899
892 898
897 898
898 897
902 897
903 896
910 896
911 895
913 895
914 894
915 894
916 893
918 893
920 891
921 891
923 889
925 889
926 888
928 888
929 887
930 887
931 886
932 886
933 885
934 885
935 884
937 884
938 883
939 883
940 882
941 882
942 881
943 881
944 880
945 880
947 878
948 878
949 877
950 878
950 880
949 881
949 883
948 884
948 892
949 893
949 896
950 897
950 898
951 899
951 900
954 903
954 904
955 905
956 905
959 908
960 908
961 909
963 909
964 910
966 910
967 911
976 911
977 910
979 910
980 909
982 909
983 908
984 908
987 905
988 905
989 904
989 903
992 900
992 899
993 898
993 897
994 896
994 894
995 893
995 884
994 883
994 881
993 880
993 878
991 876
991 875
986 870
985 870
983 868
982 868
981 867
979 867
978 866
966 866
965 865
967 863
967 862
968 861
968 856
969 855
969 854
968 854
967 853
966 853
964 851
963 851
962 850
961 850
960 849
957 849
956 848
955 848
954 847
950 847
949 846
947 846
946 845
945 845
944 844
943 844
942 843
941 843
940 842
939 842
938 841
937 841
936 840
935 840
934 839
933 839
932 838
931 838
930 837
929 837
927 835
926 835
925 834
924 834
923 833
922 833
920 831
919 831
918 830
917 830
916 829
915 829
913 827
911 827
909 825
908 825
905 822
904 822
903 821
902 821
899 818
898 818
897 817
896 817
895 816
893 816
892 815
891 815
890 814
889 814
886 811
885 811
882 808
881 808
879 806
880 805
881 805
881 803
880 802
880 800
879 799
879 797
885 791
885 788
883 788
882 787
877 787
876 786
876 785
875 784
875 783
874 782
874 781
873 780
873 779
872 778
869 778
869 779
868 780
868 781
867 782
867 783
866 784
866 786
865 787
860 787
859 788
857 788
855 786
854 786
848 780
847 780
843 776
842 776
836 770
835 770
822 757
821 757
813 749
813 748
811 746
811 745
810 744
810 743
807 740
807 739
800 732
800 731
799 730
800 729
802 729
803 728
807 728
811 724
812 724
816 720
816 719
817 718
818 718
822 714
822 712
824 710
824 708
821 705
820 705
818 703
817 703
816 702
815 702
814 701
812 701
811 700
810 700
809 699
808 699
807 698
806 698
805 697
804 697
802 695
801 695
800 694
800 693
799 692
798 692
794 688
793 688
792 687
792 686
789 683
790 682
799 682
800 681
801 681
802 680
807 680
808 679
810 679
811 678
812 678
813 677
816 677
817 676
819 676
820 675
821 675
822 674
823 674
824 673
825 673
826 672
827 672
828 671
829 671
830 670
833 670
834 669
835 669
837 667
838 667
842 663
843 663
849 657
850 658
850 659
849 660
849 669
850 670
850 672
851 673
851 674
852 675
852 676
853 677
853 678
859 684
860 684
861 685
862 685
863 686
864 686
865 687
866 687
867 688
881 688
882 687
884 687
886 685
887 685
888 684
889 684
895 678
895 677
896 676
896 675
897 674
897 673
898 672
898 670
899 669
899 660
898 659
898 656
897 655
897 654
896 653
896 652
894 650
894 649
891 646
890 646
887 643
886 643
885 642
883 642
882 641
880 641
879 640
869 640
868 641
866 641
865 642
863 642
862 641
862 640
864 638
864 637
866 635
866 634
867 633
867 630
866 629
865 629
864 628
862 628
861 627
858 627
857 626
856 626
855 625
850 625
849 624
848 624
847 623
845 623
843 621
842 621
840 619
839 619
838 618
836 618
834 616
833 616
832 615
831 615
829 613
828 613
826 611
824 611
822 609
821 609
819 607
818 607
816 605
815 605
814 604
813 604
812 603
811 603
810 602
809 602
808 601
807 601
806 600
805 600
803 598
802 598
801 599
800 598
800 596
806 590
806 587
804 587
803 586
798 586
797 585
797 584
796 583
796 582
795 581
795 580
794 579
794 578
793 577
790 577
790 578
789 579
789 580
788 581
788 582
787 583
787 585
786 586
782 586
781 585
780 585
779 584
778 584
774 580
773 580
767 574
767 573
764 570
763 570
757 564
757 563
755 561
755 560
753 558
753 557
752 556
752 555
751 554
751 553
748 550
748 549
745 546
745 545
744 544
744 543
743 542
743 540
742 539
742 538
740 536
740 535
738 533
738 532
737 531
737 530
736 529
736 527
735 526
735 524
734 523
734 521
733 520
733 519
732 518
732 515
731 514
731 508
733 506
743 506
744 505
747 505
748 504
751 504
752 503
753 503
754 502
755 503
755 504
754 505
754 506
753 507
753 509
752 510
752 525
753 526
753 528
754 529
754 531
756 533
756 534
763 541
764 541
765 542
766 542
767 543
778 543
779 542
781 542
783 540
784 540
789 535
789 534
791 532
791 530
792 529
792 528
793 527
793 524
794 523
794 513
793 512
793 509
792 508
792 506
791 505
791 504
790 503
790 502
783 495
782 495
781 494
780 494
779 493
778 493
777 492
778 491
781 491
782 490
787 490
788 489
789 489
790 488
792 488
793 487
794 487
795 486
796 486
799 483
799 482
798 481
798 480
797 479
797 477
796 476
796 474
795 473
795 472
794 471
794 470
792 468
792 467
786 461
786 460
784 458
783 458
781 456
780 456
778 454
777 454
776 453
775 453
774 452
773 452
770 449
769 449
767 447
766 447
765 446
769 442
769 439
767 439
766 438
761 438
760 437
760 436
759 435
759 434
758 433
758 432
757 431
757 430
756 429
753 429
753 430
752 431
752 432
751 433
750 433
741 424
741 423
738 420
738 419
734 415
734 414
726 406
726 405
722 401
722 400
720 398
720 397
719 396
719 395
717 393
717 392
715 390
715 389
714 388
714 387
713 386
713 385
711 383
711 382
708 379
708 378
706 376
706 375
704 373
704 372
703 371
703 369
702 368
702 367
701 366
701 365
699 363
699 362
697 360
697 359
695 357
695 356
694 355
694 354
693 353
693 352
690 349
690 348
689 347
689 345
688 344
688 343
687 342
687 341
686 340
686 339
685 338
685 336
684 335
684 334
683 333
683 331
682 330
682 328
681 327
681 324
680 323
680 322
678 320
678 319
677 318
677 317
676 316
676 315
675 314
675 313
674 312
674 310
673 309
673 305
672 304
672 302
671 301
671 299
670 298
670 297
669 296
669 295
668 294
668 293
667 292
667 281
668 280
669 280
670 279
674 279
675 280
688 280
689 279
692 279
693 278
695 278
696 277
697 277
698 276
699 276
700 277
699 278
699 287
700 288
700 291
701 292
701 293
702 294
702 295
703 296
703 297
709 303
710 303
711 304
713 304
714 305
721 305
722 304
723 304
724 303
725 303
726 302
727 302
730 299
730 298
732 296
732 295
733 294
733 293
734 292
734 290
735 289
735 275
734 274
734 272
733 271
733 270
731 268
731 267
726 262
725 262
724 261
723 261
722 260
719 260
718 259
718 254
715 251
712 251
711 250
710 250
709 249
708 249
707 248
706 248
703 245
702 245
699 242
698 242
695 239
693 239
691 237
690 237
687 234
685 234
683 232
683 231
681 229
680 229
679 228
679 227
674 222
674 221
672 219
671 219
665 213
665 212
668 209
668 206
666 206
665 205
660 205
659 204
659 203
658 202
658 201
657 200
657 199
656 198
656 197
655 196
653 196
649 192
649 190
646 187
646 186
645 185
645 184
641 180
641 179
639 177
639 176
638 175
638 173
637 172
637 170
636 169
636 166
635 165
635 163
634 162
634 160
633 159
633 157
632 156
632 155
631 154
631 153
630 152
630 151
629 150
629 149
628 148
628 146
627 145
627 143
626 142
626 141
625 140
625 139
624 138
624 137
623 136
623 134
622 133
622 129
621 128
621 124
620 123
620 120
619 119
619 118
618 117
618 115
617 114
617 113
616 112
616 110
615 109
615 106
614 105
614 102
613 101
613 98
612 97
612 96
611 95
611 94
608 91
608 90
607 89
607 88
608 87
609 87
610 88
612 88
613 89
614 89
615 90
616 90
617 91
619 91
620 92
621 92
622 93
623 93
624 94
626 94
627 95
628 95
629 96
629 93
628 92
628 86
627 85
627 78
626 77
626 71
625 70
625 67
646 46
646 45
641 45
640 44
636 44
635 43
630 43
629 42
624 42
623 41
619 41
618 40
616 40
615 39
615 38
613 36
613 35
612 34
612 33
610 31
610 30
609 29
609 28
607 26
607 25
606 24
606 23
604 21
604 20
603 19
603 18
601 16
601 15
600 15
21
0
69
126
191
248
333
336
408
700
795
983
1032
1109
1178
1405
1477
1542
1607
1680
1745
1810
